name: datalad
channels:
  - conda-forge
  - defaults
dependencies:
  - _libgcc_mutex=0.1=conda_forge
  - _openmp_mutex=4.5=1_gnu
  - annexremote=1.5.0=py39hf3d152e_0
  - appdirs=1.4.4=pyh9f0ad1d_0
  - boto=2.49.0=py_0
  - brotlipy=0.7.0=py39h3811e60_1003
  - bzip2=1.0.8=h7f98852_4
  - c-ares=1.18.1=h7f98852_0
  - ca-certificates=2021.10.8=ha878542_0
  - certifi=2021.10.8=py39hf3d152e_1
  - cffi=1.14.6=py39he32792d_0
  - chardet=4.0.0=py39hf3d152e_2
  - charset-normalizer=2.0.9=pyhd8ed1ab_0
  - colorama=0.4.4=pyh9f0ad1d_0
  - cryptography=36.0.0=py39h95dcef6_0
  - curl=7.80.0=h2574ce0_0
  - datalad=0.15.3=py39hf3d152e_0
  - dbus=1.13.6=h48d8840_2
  - deprecated=1.2.13=pyh6c4a22f_0
  - distro=1.6.0=pyhd8ed1ab_0
  - exifread=2.3.2=pyhd8ed1ab_0
  - expat=2.4.1=h9c3ff4c_0
  - fasteners=0.16=pyhd8ed1ab_0
  - freetype=2.10.4=h0708190_1
  - future=0.18.2=py39hf3d152e_4
  - gettext=0.19.8.1=h0b5b191_1005
  - git=2.34.1=pl5321hc30692c_0
  - git-annex=8.20211123=alldep_h27987b5_100
  - glib=2.68.4=h9c3ff4c_0
  - glib-tools=2.68.4=h9c3ff4c_0
  - gmp=6.2.1=h58526e2_0
  - gnupg=2.3.3=h7853c96_0
  - humanize=3.13.1=pyhd8ed1ab_0
  - idna=3.1=pyhd3deb0d_0
  - importlib-metadata=4.8.2=py39hf3d152e_0
  - importlib_metadata=4.8.2=hd8ed1ab_0
  - iso8601=1.0.2=pyhd8ed1ab_0
  - jbig=2.1=h7f98852_2003
  - jeepney=0.7.1=pyhd8ed1ab_0
  - jpeg=9d=h36c2ea0_0
  - keyring=23.4.0=py39hf3d152e_0
  - keyrings.alt=4.0.2=pyhd3deb0d_0
  - krb5=1.19.2=hcc1bbae_3
  - lcms2=2.12=hddcbb42_0
  - ld_impl_linux-64=2.36.1=hea4e1c9_2
  - lerc=3.0=h9c3ff4c_0
  - libassuan=2.5.5=h9c3ff4c_0
  - libcbor=0.8.0=h9c3ff4c_0
  - libcurl=7.80.0=h2574ce0_0
  - libdeflate=1.8=h7f98852_0
  - libedit=3.1.20191231=he28a2e2_2
  - libev=4.33=h516909a_1
  - libffi=3.3=h58526e2_2
  - libfido2=1.9.0=h812cca2_1
  - libgcc-ng=11.2.0=h1d223b6_11
  - libgcrypt=1.9.4=h7f98852_0
  - libglib=2.68.4=h3e27bee_0
  - libgomp=11.2.0=h1d223b6_11
  - libgpg-error=1.42=h9c3ff4c_0
  - libiconv=1.16=h516909a_0
  - libksba=1.3.5=hf484d3e_1000
  - libmagic=5.39=h27826a3_0
  - libnghttp2=1.43.0=h812cca2_1
  - libpng=1.6.37=h21135ba_2
  - libsodium=1.0.18=h36c2ea0_1
  - libssh2=1.10.0=ha56f1ee_2
  - libstdcxx-ng=11.2.0=he4da1e4_11
  - libtiff=4.3.0=h6f004c6_2
  - libudev1=249=h7f98852_1
  - libwebp-base=1.2.1=h7f98852_0
  - libzlib=1.2.11=h36c2ea0_1013
  - lsof=4.89=h7f98852_1
  - lz4-c=1.9.3=h9c3ff4c_1
  - monotonic=1.5=py_0
  - msgpack-python=1.0.3=py39h1a9c180_0
  - mutagen=1.45.1=pyhd8ed1ab_0
  - ncurses=6.2=h58526e2_4
  - npth=1.6=hf484d3e_1000
  - ntbtls=0.1.2=hdbcaa40_1000
  - olefile=0.46=pyh9f0ad1d_1
  - openjpeg=2.4.0=hb52868f_1
  - openssh=8.8p1=h1fa914a_1
  - openssl=1.1.1l=h7f98852_0
  - p7zip=16.02=he1b5a44_1000
  - patool=1.12=py39hf3d152e_1004
  - pcre=8.45=h9c3ff4c_0
  - pcre2=10.37=h032f7d1_0
  - perl=5.32.1=1_h7f98852_perl5
  - pillow=8.4.0=py39ha612740_0
  - pip=21.3.1=pyhd8ed1ab_0
  - popt=1.16=h0b475e3_2002
  - psutil=5.8.0=py39h3811e60_2
  - pycparser=2.21=pyhd8ed1ab_0
  - pygithub=1.55=pyh6c4a22f_0
  - pyjwt=2.3.0=pyhd8ed1ab_1
  - pynacl=1.4.0=py39h3811e60_3
  - pyopenssl=21.0.0=pyhd8ed1ab_0
  - pyperclip=1.8.2=pyhd8ed1ab_2
  - pysocks=1.7.1=py39hf3d152e_4
  - python=3.9.7=h49503c6_0_cpython
  - python-dateutil=2.8.2=pyhd8ed1ab_0
  - python-gitlab=2.10.1=pyhd8ed1ab_0
  - python_abi=3.9=2_cp39
  - readline=8.1=h46c0cb4_0
  - requests=2.26.0=pyhd8ed1ab_1
  - requests-ftp=0.3.1=py_1
  - requests-toolbelt=0.9.1=py_0
  - rsync=3.2.3=hffa082f_3
  - secretstorage=3.3.1=py39hf3d152e_1
  - setuptools=59.6.0=py39hf3d152e_0
  - simplejson=3.17.6=py39h3811e60_0
  - six=1.16.0=pyh6c4a22f_0
  - sqlite=3.37.0=h9cd32fc_0
  - tk=8.6.11=h27826a3_1
  - tqdm=4.62.3=pyhd8ed1ab_0
  - tzdata=2021e=he74cb21_0
  - urllib3=1.26.7=pyhd8ed1ab_0
  - wheel=0.37.0=pyhd8ed1ab_1
  - whoosh=2.7.4=py39hf3d152e_5
  - wrapt=1.13.3=py39h3811e60_1
  - xxhash=0.8.0=h7f98852_3
  - xz=5.2.5=h516909a_1
  - zipp=3.6.0=pyhd8ed1ab_0
  - zlib=1.2.11=h36c2ea0_1013
  - zstd=1.5.0=ha95c52a_0
  - pip:
    - datalad-container==1.1.5
